[[ -92    5   26 ...  -10    2  -15]
 [ -63    5    9 ...   -6    0   15]
 [ -55   -4    3 ...   -6   -3   22]
 ...
 [-202    8    2 ...   38   10    7]
 [-199    8    1 ...   67   36    1]
 [-198    8    1 ...   73   62   18]]
[[ -92  -87  -61 ... -227 -225 -240]
 [  29   29   12 ...  -10  -12   18]
 [   8   -1   -7 ...   -6   -9   -2]
 ...
 [   2    2    2 ...   -2    4   -3]
 [   3    3    2 ...  -26    0   -6]
 [   1    1    1 ...  -43  -17    0]]
[[  -5  -26  -34 ...   -2   15 -240]
 [  -5   -9    5 ...    0  -15 -222]
 [   4   -3   15 ...    3  -22 -224]
 ...
 [  -8   -2   -1 ...  -10   -7  -62]
 [  -8   -1    0 ...  -36   -1  -68]
 [  -8   -1    0 ...  -62  -18  -68]]
[[ -29  -29  -12 ...   10   12  -18]
 [  -8    1    7 ...    6    9    2]
 [   4   14   12 ...    2    7   11]
 ...
 [  -3   -3   -2 ...   26    0    6]
 [  -1   -1   -1 ...   43   17    0]
 [-198 -190 -189 ... -148  -86  -68]]
