[559.21009418 337.14685428]
[203.32395167 402.67583066]
[200.9130123  401.71121692]
[203.17533526 404.20675382]
[204.84627203 404.28017366]
[204.25177105 402.19511619]
[208.52735233 402.16075128]
[209.03569973 399.93441105]
[211.4135484  402.06126256]
[211.77954204 400.95045548]
[210.47326137 402.70329976]
[208.77663293 403.17679145]
[209.47472194 402.71650745]
[213.35981717 396.982362  ]
[219.98112554 391.8781373 ]
[223.51225227 385.40150952]
[226.46687056 384.01873323]
[226.69152115 384.8598277 ]
[231.49028873 382.61217381]
[235.39369134 384.04983819]
[237.23688614 388.42325315]
[241.31803065 390.63091368]
[243.96776316 395.48320792]
[248.06356066 393.7747349 ]
[253.74692234 395.67195494]
[256.54440096 396.6314374 ]
[262.88314376 396.0429643 ]
[270.46717726 393.13751226]
[277.96527481 393.38521503]
[281.95777732 396.06844751]
[281.01340605 403.95154732]
[281.45961667 413.0930006 ]
[278.67441956 418.82858456]
[278.05137045 425.0664492 ]
[273.46743962 430.71322159]
[264.03175928 433.08199182]
[254.50036434 428.78124236]
[240.51501    427.16884662]
[226.42902475 424.04806556]
[207.52101254 430.75012596]
[319.94513662 437.13367587]
[183.96265344 450.69791056]
[304.77674838 457.13757456]
[290.06979067 472.11472937]
[292.87692878 479.7259272 ]
[292.18540335 487.34568669]
[294.80895412 487.0376763 ]
[296.12658966 481.51083242]
[299.26565632 476.41217862]
[303.06806846 465.89395295]
[304.2851287  457.66905425]
[179.69949333 456.80954024]
[177.44450442 454.22141513]
[180.65199039 459.17162477]
[178.404299   470.48826626]
[170.73388569 469.07339308]
[173.41536694 464.36335205]
[170.3898741  456.28005193]
[176.26303077 446.82939029]
[171.84686433 430.47779824]
[174.26167922 420.06402207]
[174.95815663 415.0763589 ]
[173.39511203 409.99726513]
[172.56287518 408.84800695]
[172.70507666 405.72067001]
[171.30227705 406.4980356 ]
[169.64045068 403.44851642]
[169.73258207 402.40211609]
[169.60421086 400.85439164]
[169.13849081 397.53214632]
[168.61113906 396.97660288]
[168.56728038 395.76367724]
[170.93351574 392.89549243]
[171.64850913 392.67702893]
[172.7171072  395.37990597]
[176.77304373 401.36807574]
[185.26241523 401.70067995]
[203.73135189 394.44597585]
[213.27276028 387.26577797]
[218.26578866 379.31486865]
[223.67158741 366.61433106]
[225.35597367 362.67496977]
[224.98821522 358.55617655]
[224.42668171 356.80942155]
[224.63206151 354.49535176]
[224.57303767 352.66040948]
[220.03574577 353.63331349]
[216.72608764 350.95629329]
[212.85657831 347.59136034]
[209.34933355 347.53627028]
[208.64229835 344.37979908]
[209.08758602 344.02439279]
[209.11351495 338.64319258]
[210.45353098 336.73347111]
[211.68064491 333.66408558]
[212.33044507 331.86924683]
[207.66311451 338.23153863]
[195.85690924 347.31278757]
[188.47758496 349.08997726]
[182.74606036 357.16411176]
[176.85621252 364.3331734 ]
[173.51264165 363.75468773]
[168.01494007 360.67624461]
[173.81722285 350.75381688]
[172.10706169 346.92051699]
[163.23213226 342.07832532]
[169.32856606 337.45631413]
[170.72393321 332.00383557]
[167.3482821  331.73242427]
[166.87445214 331.11335722]
[157.15070319 333.52033667]
[149.537962   343.99811804]
[145.02413949 349.54784378]
[144.38925922 352.93115556]
[148.89326354 355.01547847]
[150.18485058 359.52446953]
[157.39370706 361.04216496]
[160.06565971 364.69886955]
[166.11548786 364.16420774]
[176.28042944 360.67709659]
[182.87086304 363.55594861]
[186.83774003 363.57451791]
[189.26077203 358.89725071]
[191.06689852 355.67225515]
[186.61304533 359.69337196]
[187.56794919 359.45295522]
[194.32744071 355.44410472]
[198.44467751 353.46443669]
[202.36430842 356.15362373]
[204.48812554 357.08358956]
[200.16544257 362.43494108]
[188.90196055 356.58925143]
[185.69196486 344.75036592]
[187.99630818 337.71286923]
[184.52095802 331.41148403]
[187.96914282 325.06496014]
[190.86465349 319.87087407]
[190.03834878 314.62423605]
[192.10920007 315.33741628]
[198.59090449 310.9779701 ]
[200.79125182 309.68119981]
[199.79728155 313.3723335 ]
[197.10929714 309.25767692]
[193.99993955 309.75702746]
[186.4426177  313.37533555]
[181.75506513 304.15315016]
[177.91590634 302.96190582]
[172.68225124 312.43177161]
[168.22740125 314.10101343]
[168.3933229  313.57098533]
[168.53178359 313.88400142]
