[409.36339044 381.20922599]
[413.17748513 380.30173623]
[414.29459288 381.20463481]
[415.80491533 381.20718302]
[416.58732175 382.81285017]
[416.91520375 381.43239797]
[420.18673574 380.68304469]
[422.24957354 381.00009771]
[423.09154434 382.24643533]
[424.2981982 382.8852833]
[423.25793816 384.0130711 ]
[421.91837089 383.97653623]
[422.24763415 383.66536655]
[426.75267292 378.50828942]
[430.9326108  372.31919409]
[436.28871166 366.39092292]
[439.80758854 365.2925233 ]
[441.7167162  366.75711964]
[446.53255049 365.90989413]
[451.04226282 367.60288884]
[453.55829381 371.94605075]
[457.04068031 375.85712217]
[459.88313968 380.30977858]
[464.76669365 380.90210398]
[471.40434985 382.00874685]
[475.00477199 383.39890296]
[481.38910544 381.97941378]
[488.63545341 380.1345946 ]
[496.90966023 379.80191074]
[501.92579095 383.05957272]
[502.57744959 391.7293098 ]
[502.087134   400.45446406]
[501.45355421 408.22802874]
[499.51038695 413.01816935]
[495.59843169 418.39768088]
[486.58832088 421.0207035 ]
[479.08243487 417.07178331]
[463.33899412 412.25705038]
[445.39922505 411.30725869]
[428.21127509 418.1028257 ]
[414.99458156 428.17780669]
[411.4655661  438.48961176]
[403.34485564 447.03488933]
[393.70094554 460.80054551]
[391.20110602 471.06763576]
[391.58281211 477.77209863]
[394.50273931 475.66301581]
[398.37470681 471.86793603]
[396.91287753 465.12146101]
[400.47931124 454.53503298]
[403.59099319 445.21066977]
[408.04167697 438.09870781]
[405.93835369 440.73306751]
[403.57901263 443.88893118]
[403.05873418 447.98580079]
[399.58317369 449.9491869 ]
[400.14810114 444.67202521]
[401.03998365 433.76984188]
[402.44186513 423.03751641]
[402.23253996 407.4294231 ]
[401.24534583 395.1103312 ]
[401.9079182  388.64447702]
[401.03907512 384.30023751]
[399.91040486 382.19877433]
[400.6333832  380.14749517]
[400.56690989 378.44622794]
[397.72511713 376.80710962]
[397.78327999 374.28419714]
[397.63963463 372.25194868]
[396.8080124  368.57829072]
[395.87965858 367.7194449 ]
[395.36305548 366.19764778]
[397.24611885 363.4311833 ]
[397.59842729 362.87350222]
[400.17420772 363.75566702]
[403.40152723 368.50328205]
[409.01757866 370.37198832]
[425.50899333 362.44046033]
[434.86931765 350.6231534 ]
[445.80948454 343.14694853]
[449.0389431  332.44132342]
[453.88681054 325.76542965]
[450.56757312 318.8983427 ]
[451.42551728 315.62235303]
[449.81046565 311.70075594]
[450.89288734 311.7152608 ]
[447.10798096 311.18626215]
[442.66746177 307.19528735]
[438.87418384 304.38770374]
[434.99699199 302.44868629]
[433.67437074 298.4008335 ]
[434.16071398 296.19518939]
[434.51999512 292.27349105]
[435.04905179 288.23538287]
[436.02036489 284.55737678]
[435.84781066 282.49585026]
[429.68563027 286.75321991]
[415.78253489 295.6752552 ]
[410.11714241 296.71960441]
[402.68746424 306.24803978]
[396.84192527 315.56562471]
[393.71620742 317.01333897]
[389.39844161 315.8067678 ]
[390.25851948 307.00042434]
[390.32260775 303.23952433]
[380.51840578 301.2027632 ]
[384.54232755 295.96917251]
[387.42711683 293.25367469]
[383.82374454 293.26178972]
[381.72783065 294.36000074]
[372.47512584 298.3553747 ]
[366.17827275 309.9602576 ]
[360.07738638 317.39161023]
[359.24864066 321.19445665]
[361.88057759 325.84028435]
[363.59768141 330.18650545]
[370.16380464 332.64467045]
[372.71778706 337.80162757]
[377.84836847 337.20838891]
[388.22763297 335.64248371]
[394.06304605 338.86411655]
[397.02345263 339.90385962]
[399.99192392 335.09010742]
[402.29452417 332.01938266]
[397.82476723 337.20408019]
[398.05742044 335.77922619]
[402.81112825 333.08139946]
[407.94688266 330.51762166]
[412.29565853 333.57684825]
[412.38990536 335.43850271]
[405.66862162 340.61065595]
[395.91519814 337.66009528]
[389.81824758 326.7406829 ]
[391.16480291 318.5753742 ]
[388.41084144 314.29259579]
[391.35180609 308.3151734 ]
[391.64616008 303.90235957]
[392.69330167 299.99047718]
[391.52991865 299.63755714]
[396.94673747 297.27778067]
[399.4405787  296.77152486]
[397.10517759 299.79646012]
[394.29269775 296.70783539]
[389.47147883 298.49780804]
[381.69022991 300.54184178]
[376.8350622  293.13702404]
[371.29958331 291.6404192 ]
[363.80392349 300.74217479]
[359.85728754 305.46774902]
[360.50068922 305.69972371]
[358.87702749 305.4550504 ]
