[[ -5. -26. -34. ...  -2.  15. -15.]
 [ -5.  -9.   5. ...   0. -15.  15.]
 [  4.  -3.  15. ...   3. -22.  22.]
 ...
 [ -8.  -2.  -1. ... -10.  -7.   7.]
 [ -8.  -1.   0. ... -36.  -1.   1.]
 [ -8.  -1.   0. ... -62. -18.  18.]]
[[ -5.   5.  26. ... -10.   2. -15.]
 [ -5.   5.   9. ...  -6.   0.  15.]
 [  4.  -4.   3. ...  -6.  -3.  22.]
 ...
 [ -8.   8.   2. ...  38.  10.   7.]
 [ -8.   8.   1. ...  67.  36.   1.]
 [ -8.   8.   1. ...  73.  62.  18.]]
[[-29. -29. -12. ...  10.  12. -18.]
 [ -8.   1.   7. ...   6.   9.   2.]
 [  4.  14.  12. ...   2.   7.  11.]
 ...
 [ -3.  -3.  -2. ...  26.   0.   6.]
 [ -1.  -1.  -1. ...  43.  17.   0.]
 [  1.   1.   1. ... -43. -17.   0.]]
[[-29. -29. -12. ...  10.  12. -18.]
 [ 29.  29.  12. ... -10. -12.  18.]
 [  8.  -1.  -7. ...  -6.  -9.  -2.]
 ...
 [  2.   2.   2. ...  -2.   4.  -3.]
 [  3.   3.   2. ... -26.   0.  -6.]
 [  1.   1.   1. ... -43. -17.   0.]]
