[372.17867214 194.82783403]
[381.20021063 196.93017696]
[381.16427543 197.23720959]
[382.11175752 198.07324843]
[385.44079629 198.90552045]
[386.25230127 198.7181448 ]
[387.91251969 196.53304931]
[389.19664134 196.29143885]
[391.47498485 198.79459188]
[393.99454992 198.34521291]
[392.7674632  200.98534248]
[390.72299854 200.59858115]
[390.15746902 200.41604743]
[392.17289155 198.01808257]
[399.11008376 190.40716201]
[403.69842291 184.8753086 ]
[408.2087379  179.50740308]
[410.23170319 181.90498613]
[415.74040021 179.89634262]
[420.47747483 180.5681623 ]
[424.30799449 183.44909571]
[426.87749575 185.4212492 ]
[430.05391668 190.89154742]
[436.65127144 191.5341806 ]
[441.65729984 191.1451851 ]
[445.90524672 191.1005769 ]
[451.95744771 191.7027467 ]
[458.22865579 188.54698812]
[468.71682205 185.43815643]
[474.55344632 187.98904134]
[476.73544419 194.79605169]
[475.76553554 200.4455402 ]
[475.06221274 208.02502302]
[476.73826194 214.43173407]
[473.34246084 218.61509098]
[466.93883423 221.69732679]
[458.61663185 218.99483118]
[443.83621933 212.84757457]
[425.42002803 209.25001022]
[411.28783332 211.24589724]
[397.16925028 220.5455912 ]
[389.52133499 230.08307695]
[384.02024555 238.28555723]
[373.32654681 252.18454488]
[369.24689924 262.40721072]
[368.1482018  268.73511974]
[369.19787473 271.16800059]
[372.90223377 267.42483659]
[372.12781856 261.63283553]
[374.78644961 252.11675325]
[376.55717583 244.56591327]
[381.7347853  235.39738152]
[381.41166983 233.80993446]
[379.48560306 237.5126097 ]
[378.41375119 241.70869613]
[374.88973288 243.25836351]
[373.01149485 243.13924278]
[373.05784689 233.12133501]
[374.77518172 222.16724447]
[373.70192997 209.41214346]
[374.72934209 196.81420263]
[376.864609   186.76647232]
[373.48234388 180.33935784]
[369.9502179 176.3615289]
[371.43915775 176.85710047]
[369.32253831 173.79366263]
[368.5054865  172.07183171]
[365.48125915 171.52617215]
[365.69669991 168.83266743]
[366.4029593  167.80297278]
[362.59822867 164.80956883]
[363.67535697 162.3611236 ]
[365.55486015 161.67522993]
[364.64275064 159.98173108]
[366.88241434 162.80629272]
[367.73562083 165.41856408]
[373.67014184 170.84212958]
[383.16006129 165.13927819]
[400.49230597 156.66923918]
[406.60745908 149.21039703]
[413.43214599 140.58753892]
[414.9367905  130.38111206]
[415.91810707 124.03308675]
[412.75447808 121.98406376]
[412.58542418 118.10541555]
[412.73099174 114.31988948]
[408.62751536 116.73134819]
[402.41645147 117.2955365 ]
[400.13379272 112.83015175]
[393.32618878 112.77933153]
[392.0767648  109.09393572]
[391.97801146 107.87387642]
[391.47466314 107.12531113]
[390.24284383 102.83256095]
[391.56908847 100.10917572]
[390.55568525  98.28790763]
[388.21274368 101.01810819]
[374.75671208 112.41952721]
[366.91731618 118.9647933 ]
[360.13032193 121.94569404]
[353.60326248 137.98877144]
[349.84217315 139.19582664]
[346.22912963 143.32247621]
[344.16646533 134.94806389]
[348.5293531  130.67782557]
[337.8931865  131.18370956]
[341.3188701  126.38252372]
[343.35921641 123.5716923 ]
[340.16594735 123.46556021]
[341.11480145 124.63206655]
[332.26227455 126.52179364]
[325.97415323 137.167574  ]
[320.22164917 146.63130749]
[316.32514311 151.07821616]
[320.31780283 154.80114016]
[322.91123103 161.89479092]
[326.98395757 161.4370107 ]
[332.9629676  167.31152763]
[335.26539077 168.47031624]
[343.32647831 166.10960827]
[351.1855486  169.15430652]
[354.45349499 171.51034786]
[357.7788712  168.75501624]
[360.79859129 163.65788372]
[356.96539677 167.610691  ]
[353.52960673 167.48066858]
[357.74744244 165.28060868]
[363.18513339 162.31895206]
[364.52853827 165.25321099]
[367.66062108 167.5513655 ]
[362.00752869 172.80237968]
[352.27445043 172.92512092]
[344.40597397 164.29422423]
[345.85434328 154.21221022]
[342.18555015 149.53524313]
[341.33570457 143.16386112]
[344.91201402 139.12888991]
[345.1562351  135.98804499]
[343.2612818  134.12820776]
[347.28296674 132.99771258]
[351.92118537 131.40254308]
[348.76007294 134.11416217]
[347.88149122 133.12296753]
[342.78454453 131.50807743]
[334.23198524 135.87750291]
[329.70211165 134.10248923]
[323.73474361 126.36089767]
[317.47033755 135.21263609]
[310.07058127 139.32596863]
[311.05291185 142.43262141]
[309.9908856  141.14509477]
